ROC_AUC_scores	F1-score	Average_precision_score
0.5980392156862746	0.42857142857142855	0.3136651583710407
0.5438689217758985	0.30303030303030304	0.3648442466624285
0.628048780487805	0.5217391304347826	0.45734265734265733
0.5192307692307693	0.07407407407407407	0.42307692307692313
0.6803861788617885	0.5641025641025641	0.5361111111111111
0.6301169590643274	0.5217391304347826	0.5114709851551957
0.47380952380952385	0.058823529411764705	0.45448717948717954
0.6794871794871794	0.5957446808510638	0.5435897435897435
0.5863821138211383	0.45454545454545453	0.4237179487179487
0.49949186991869915	0.32558139534883723	0.36899460188933875
0.5723180076628352	0.28571428571428575	0.5129089301503095
0.4741014799154334	0.25641025641025644	0.3283833813245578
0.4916666666666667	0.27027027027027023	0.3042986425339367
0.5136452241715399	0.2631578947368421	0.42263662263662266
0.526803118908382	0.2702702702702703	0.43105413105413104
0.4961685823754789	0.16666666666666663	0.44433497536945815
0.451863354037267	0.2727272727272727	0.33607262302914476
0.5305555555555556	0.2222222222222222	0.32582417582417583
0.4615384615384615	0.11764705882352941	0.38846153846153847
0.5274390243902439	0.3157894736842105	0.3840659340659341
0.5384199134199135	0.26666666666666666	0.3461945461945462
0.5064102564102564	0.2631578947368421	0.4032051282051282
0.5527777777777778	0.36842105263157887	0.33611111111111114
0.6094080338266384	0.5098039215686274	0.4033518205931999
0.5043436293436294	0.06666666666666667	0.43324175824175826
0.6325	0.5116279069767442	0.48427350427350435
0.5667701863354037	0.39999999999999997	0.39445209521935864
0.5246679316888045	0.3181818181818182	0.49081885856079405
0.583976833976834	0.4444444444444445	0.48700711053652235
0.6347402597402597	0.4864864864864864	0.4256868131868132
0.5472222222222223	0.4482758620689655	0.3300607287449393
0.5015243902439024	0.1875	0.3699519230769231
0.5373563218390804	0.3333333333333333	0.4684350132625995
0.5	0.2631578947368421	0.38461538461538464
0.5497835497835498	0.27586206896551724	0.3567765567765568
0.5600686498855836	0.35294117647058826	0.3263157894736842
0.42250000000000004	0.15384615384615383	0.36417582417582417
0.540796963946869	0.35555555555555557	0.5013115916341723
0.5064102564102564	0.2631578947368421	0.4032051282051282
0.5617760617760617	0.38095238095238093	0.47095761381475665
0.470020325203252	0.25	0.357411858974359
0.6025641025641025	0.46511627906976744	0.4723981900452489
0.5776955602536997	0.3888888888888889	0.3898601398601399
0.5646453089244852	0.37837837837837834	0.3278902384165542
0.575	0.3125	0.4505494505494506
0.6555555555555556	0.5	0.4512820512820513
0.4511385199240987	0.2857142857142857	0.45704438930245384
0.6	0.4324324324324324	0.3728506787330317
0.4513742071881607	0.2105263157894737	0.3223776223776224
0.5200845665961945	0.3157894736842105	0.34842657342657346
0.5232919254658386	0.31578947368421056	0.3658862876254181
0.5190058479532164	0.3	0.4256410256410257
0.5256410256410257	0.3636363636363637	0.4136752136752137
0.55	0.29411764705882354	0.4188034188034188
0.5128205128205129	0.3	0.4065934065934066
0.5471014492753623	0.33333333333333337	0.38193979933110367
0.5285714285714286	0.29268292682926833	0.4783216783216783
0.5136452241715399	0.2631578947368421	0.42263662263662266
0.5833333333333333	0.3125	0.4833333333333334
0.5175983436853002	0.2	0.3635929288103201
0.5189393939393939	0.3414634146341463	0.3320512820512821
0.5201149425287357	0.2926829268292683	0.4572944297082228
0.5555555555555556	0.3902439024390244	0.336996336996337
0.5536062378167641	0.425531914893617	0.44672364672364673
0.5064102564102564	0.2631578947368421	0.4032051282051282
0.5175521821631879	0.1176470588235294	0.48916459884201824
0.56	0.39024390243902435	0.42153846153846153
0.5646453089244852	0.37837837837837834	0.3278902384165542
0.5604674796747967	0.3684210526315789	0.40737179487179487
0.4811212814645309	0.1935483870967742	0.2856275303643725
0.5497835497835498	0.27586206896551724	0.3567765567765568
0.5596590909090909	0.2926829268292683	0.5517482517482517
0.4741014799154334	0.25641025641025644	0.3283833813245578
0.4658444022770398	0.29166666666666663	0.4622098963654941
0.5166666666666667	0.3181818181818182	0.4705128205128205
0.6282051282051283	0.5217391304347826	0.49230769230769234
0.5726626016260163	0.3783783783783784	0.4185897435897436
0.5256410256410257	0.23529411764705882	0.4153846153846154
0.5135281385281386	0.15384615384615385	0.33040293040293045
0.5416666666666666	0.4230769230769231	0.5314439946018894
0.47124756335282647	0.11764705882352941	0.4057794057794058
0.5640243902439025	0.34285714285714286	0.4132867132867133
0.5863821138211383	0.45454545454545453	0.4237179487179487
0.4453463203463203	0.125	0.30962370962370966
0.46224256292906185	0.27906976744186046	0.2789473684210526
0.519047619047619	0.3478260869565218	0.4717948717948718
0.5533536585365854	0.4090909090909091	0.3995192307692308
0.5352316602316602	0.2702702702702703	0.4530525030525031
0.48250000000000004	0.28571428571428564	0.3770135746606335
0.6333333333333334	0.43749999999999994	0.3152337858220211
0.4888888888888889	0.23529411764705882	0.30329670329670333
0.5716374269005848	0.3333333333333333	0.47122507122507123
0.5274390243902439	0.3157894736842105	0.3840659340659341
0.5553861788617885	0.30303030303030304	0.4080484330484331
0.5075	0.3	0.38830769230769235
0.6130952380952381	0.47619047619047616	0.3959881388452817
0.5755148741418765	0.3888888888888889	0.3363181709930936
0.556935817805383	0.3684210526315789	0.3881828316610926
0.5012254901960784	0.27777777777777773	0.26201476542033814
0.4247835497835498	0.2	0.30163871216502797
0.470020325203252	0.25	0.357411858974359
0.4423076923076923	0.23255813953488372	0.3796380090497738
0.5321637426900585	0.30769230769230765	0.4341880341880342
0.5535714285714286	0.19354838709677416	0.4917582417582418
0.5503432494279177	0.4230769230769231	0.31605937921727395
0.6038011695906433	0.5	0.48473748473748474
0.4811212814645309	0.1935483870967742	0.2856275303643725
0.5448717948717948	0.19999999999999998	0.4403846153846154
0.6335403726708074	0.5614035087719297	0.4350580365925634
0.5950000000000001	0.4782608695652174	0.4458608058608059
0.6457115009746588	0.5	0.5464387464387465
0.5573593073593073	0.44	0.35253252494631804
0.4108187134502924	0.14634146341463417	0.3930402930402931
0.515527950310559	0.24242424242424243	0.36187290969899666
0.5225	0.3636363636363636	0.3962753036437247
0.5275000000000001	0.34146341463414637	0.39942307692307694
0.553030303030303	0.36842105263157887	0.3526395173453997
0.5396341463414634	0.32432432432432434	0.39230769230769236
0.5194444444444445	0.3414634146341463	0.31666666666666665
0.4601518026565464	0.15000000000000002	0.4630272952853598
0.5101626016260162	0.23529411764705882	0.37435897435897436
0.5704633204633205	0.43478260869565216	0.47533577533577537
0.5566361556064072	0.4166666666666667	0.31994974172832613
0.5448717948717949	0.39999999999999997	0.42550607287449393
0.4935897435897436	0.2564102564102564	0.3970414201183432
0.554968287526427	0.3428571428571428	0.372027972027972
0.6194444444444445	0.48888888888888893	0.3804615384615385
0.5575	0.3333333333333333	0.42321678321678324
0.5725	0.4	0.43220512820512824
0.5475000000000001	0.38095238095238104	0.4121266968325792
0.5622294372294372	0.3225806451612903	0.36520146520146524
0.5416666666666666	0.358974358974359	0.34501424501424505
0.587737843551797	0.45454545454545453	0.3912269548633185
0.4461697722567287	0.16666666666666669	0.3377926421404682
0.5004873294346979	0.2564102564102564	0.415622032288699
0.5345528455284554	0.25	0.391025641025641
0.6452205882352942	0.46153846153846156	0.40452488687782806
0.5741869918699187	0.4444444444444445	0.41379731379731377
0.5388888888888889	0.33333333333333326	0.3278846153846154
0.48069105691056907	0.12903225806451613	0.3622710622710623
0.5405844155844155	0.3333333333333333	0.34505494505494505
0.5926501035196687	0.4	0.42369007803790415
0.4833333333333334	0.23809523809523808	0.4540598290598291
0.46790890269151136	0.2162162162162162	0.3419971333014811
0.5882034632034632	0.42105263157894735	0.3792717086834734
0.511904761904762	0.25	0.46794871794871795
0.5660676532769556	0.3783783783783784	0.3792540792540793
0.5660676532769556	0.3783783783783784	0.3792540792540793
0.5156926406926406	0.25	0.3308025308025308
0.5512820512820512	0.25	0.441025641025641
0.47380952380952385	0.2978723404255319	0.4499245852187029
0.6174999999999999	0.4615384615384615	0.4775824175824176
0.44563008130081294	0.2380952380952381	0.35017806267806273
0.5179704016913319	0.4	0.34695304695304696
0.543191056910569	0.29411764705882354	0.396474358974359
0.5965447154471546	0.5185185185185186	0.4260683760683761
0.5310559006211181	0.37209302325581395	0.3698996655518395
0.4720496894409938	0.12903225806451613	0.3448160535117057
0.543918918918919	0.3414634146341463	0.45769230769230773
0.531183932346723	0.35000000000000003	0.35450660450660454
0.6021341463414633	0.45	0.4417067307692308
0.564327485380117	0.47058823529411764	0.452991452991453
0.5732860520094563	0.39999999999999997	0.31546231546231546
0.46798780487804886	0.35294117647058826	0.3557692307692308
0.48051948051948046	0.18749999999999997	0.3158841158841159
0.41954022988505757	0.2173913043478261	0.4199407083788423
0.3647186147186148	0.05555555555555555	0.3108669108669109
0.5655487804878049	0.4186046511627907	0.4084008097165992
0.6602564102564102	0.5652173913043479	0.525
0.489648033126294	0.26315789473684204	0.34938684503901896
0.5243664717348928	0.33333333333333337	0.4286799620132954
0.5384615384615384	0.372093023255814	0.4217194570135747
0.5395752895752896	0.30769230769230765	0.45534465534465535
0.5203252032520325	0.3636363636363636	0.3794871794871795
0.5512820512820512	0.25	0.441025641025641
0.5425	0.39999999999999997	0.4081538461538462
0.511904761904762	0.25	0.46794871794871795
0.5232919254658386	0.31578947368421056	0.3658862876254181
0.5395021645021645	0.30303030303030304	0.34536019536019535
0.5350877192982456	0.391304347826087	0.43481781376518225
0.4649390243902439	0.17142857142857143	0.3571678321678322
0.5399610136452242	0.2777777777777778	0.44134219689775245
0.6174999999999999	0.4615384615384615	0.4775824175824176
0.45714285714285713	0.26086956521739135	0.44423076923076926
0.4935897435897436	0.3181818181818182	0.39700854700854704
0.5555555555555556	0.4444444444444445	0.33484162895927605
0.4990421455938698	0.3404255319148936	0.4456822870615974
0.5926501035196687	0.4	0.42369007803790415
0.6346153846153846	0.5416666666666667	0.4954545454545455
0.5520094562647754	0.380952380952381	0.301994301994302
0.5825	0.46808510638297873	0.4353846153846154
0.5192307692307693	0.3829787234042554	0.4098901098901099
0.6025	0.4999999999999999	0.4504347826086956
0.6089743589743589	0.52	0.4708333333333333
0.4961013645224172	0.45901639344262296	0.41350762527233115
0.614329268292683	0.4615384615384615	0.45576923076923076
0.5375	0.28571428571428575	0.4076923076923077
0.5744781783681215	0.4489795918367347	0.5245381858285084
0.5638401559454191	0.358974358974359	0.4589268755935423
0.5433403805496828	0.33333333333333326	0.36303696303696303
