ROC_AUC_scores	F1-score	Average_precision_score
0.5075	0.3	0.38830769230769235
0.543191056910569	0.29411764705882354	0.396474358974359
0.5887949260042284	0.4210526315789474	0.3972027972027972
0.5512820512820514	0.380952380952381	0.4307692307692308
0.48946360153256707	0.0625	0.442263483642794
0.5	0.27906976744186046	0.46153846153846156
0.5809523809523809	0.43478260869565216	0.5160256410256411
0.5924329501915709	0.46808510638297873	0.5087238432066019
0.5786749482401656	0.41025641025641024	0.40468227424749165
0.5189393939393939	0.3414634146341463	0.3320512820512821
0.49249999999999994	0.2222222222222222	0.38125874125874126
0.5492424242424242	0.35555555555555557	0.5230769230769231
0.5844594594594594	0.3684210526315789	0.4980769230769231
0.5299999999999999	0.391304347826087	0.4004395604395604
0.5931467181467182	0.4285714285714286	0.49894034536891685
0.5166666666666667	0.3157894736842105	0.3153846153846154
0.5540796963946869	0.3333333333333333	0.5129257838935258
0.49171842650103514	0.22857142857142854	0.3502787068004459
0.6192084942084941	0.5555555555555555	0.509065934065934
0.5208728652751423	0.3333333333333333	0.534453781512605
0.5030487804878049	0.3	0.37067307692307694
0.6025641025641025	0.42105263157894735	0.48205128205128206
0.5745614035087718	0.4186046511627907	0.464423076923077
0.4951267056530214	0.21621621621621623	0.41310541310541316
0.5526061776061776	0.39999999999999997	0.4624757595345831
0.5416666666666666	0.358974358974359	0.34501424501424505
0.49796747967479676	0.2285714285714286	0.3682983682983683
0.5407088122605365	0.36363636363636365	0.4702033598585323
0.5095137420718816	0.24242424242424246	0.3430387794024158
0.4875	0.25641025641025644	0.37912087912087916
0.4025	0.10526315789473685	0.36615384615384616
0.5576923076923077	0.29411764705882354	0.4432692307692308
0.5152439024390244	0.3076923076923077	0.3769230769230769
0.5512820512820513	0.42553191489361697	0.42930402930402933
0.6025641025641025	0.46511627906976744	0.4723981900452489
0.575	0.4444444444444445	0.4307692307692308
0.5095238095238095	0.39215686274509803	0.4664224664224665
0.5905797101449276	0.4210526315789474	0.4162764771460424
0.4180871212121212	0.2962962962962963	0.47696747696747693
0.5321637426900585	0.30769230769230765	0.4341880341880342
0.5004789272030651	0.22222222222222227	0.5540835707502374
0.4822154471544715	0.25641025641025644	0.3617521367521368
0.4972222222222222	0.2	0.30653846153846154
0.5637254901960785	0.33333333333333337	0.29773755656108597
0.4186159844054581	0.10526315789473684	0.3980833980833981
0.5275000000000001	0.34146341463414637	0.39942307692307694
0.562618595825427	0.4814814814814815	0.5139497248894163
0.6021341463414633	0.45	0.4417067307692308
0.5137299771167049	0.21428571428571427	0.2987854251012146
0.4691558441558441	0.18181818181818182	0.31263736263736264
0.6725	0.5777777777777778	0.5226153846153847
0.48440545808966856	0.12121212121212122	0.409306742640076
0.5206131078224101	0.2857142857142857	0.34895104895104895
0.5315734989648033	0.15384615384615383	0.3810479375696767
0.6611111111111111	0.5263157894736842	0.43162393162393164
0.49404761904761907	0.27027027027027023	0.3205586080586081
0.6214430894308943	0.42424242424242425	0.4883903133903134
0.5128205128205128	0.4	0.4064102564102564
0.4855212355212355	0.27906976744186046	0.4241758241758242
0.47750000000000004	0.125	0.3767032967032967
0.45952380952380956	0.2916666666666667	0.4445868945868946
0.5825	0.46808510638297873	0.4353846153846154
0.5934959349593496	0.4210526315789474	0.43663003663003663
0.5217181467181468	0.2631578947368421	0.44313186813186817
0.5662768031189084	0.2941176470588235	0.47073667073667075
0.5256410256410257	0.23529411764705882	0.4153846153846154
0.5714285714285714	0.47058823529411764	0.5054945054945055
0.5625	0.5084745762711865	0.41855203619909503
0.5574712643678161	0.48148148148148145	0.4792572944297082
0.5232447817836813	0.2857142857142857	0.490187232122716
0.54	0.35000000000000003	0.40758974358974365
0.5141325536062378	0.39999999999999997	0.42256905735166606
0.530952380952381	0.32558139534883723	0.4794871794871795
0.48076923076923084	0.06666666666666668	0.3942307692307693
0.6235697940503432	0.45714285714285713	0.3797570850202429
0.5304054054054054	0.3333333333333333	0.4480769230769231
0.5766666666666667	0.38095238095238093	0.2657169990503324
0.5698051948051948	0.4615384615384615	0.3596596951435661
0.5219298245614035	0.3829787234042553	0.42692307692307696
0.5617816091954022	0.31578947368421056	0.4917771883289125
0.49444444444444446	0.14814814814814817	0.3054945054945055
0.6340579710144927	0.5	0.45575447570332484
0.47683397683397677	0.2051282051282051	0.4211788211788212
0.5192307692307692	0.33333333333333337	0.41009615384615383
0.49756335282651065	0.125	0.41424501424501425
0.49080086580086585	0.14285714285714285	0.3195185766614338
0.5029239766081872	0.17647058823529413	0.41684981684981687
0.47357293868921774	0.28571428571428564	0.32797202797202796
0.49951737451737455	0.17142857142857143	0.4305337519623234
0.56	0.39024390243902435	0.42153846153846153
0.5560428849902533	0.38095238095238093	0.45033238366571704
0.5025	0.32558139534883723	0.38581196581196586
0.5863821138211383	0.45454545454545453	0.4237179487179487
0.5438311688311689	0.39999999999999997	0.3453296703296703
0.55	0.29411764705882354	0.4188034188034188
0.5448717948717948	0.19999999999999998	0.4403846153846154
0.5823586744639376	0.4	0.4746438746438747
0.5809523809523809	0.43478260869565216	0.5160256410256411
0.5309959349593496	0.28571428571428575	0.387004662004662
0.5	0.0	0.49230769230769234
0.45549242424242425	0.10256410256410256	0.4793956043956044
0.526061776061776	0.3	0.44560439560439563
0.532051282051282	0.1935483870967742	0.42307692307692313
0.47132034632034636	0.25641025641025644	0.31229141229141233
0.5428571428571428	0.4528301886792453	0.48561872909699
0.5175189393939394	0.24390243902439024	0.5021901709401709
0.5306513409961686	0.26315789473684215	0.4650162098437961
0.48500000000000004	0.3404255319148936	0.37790209790209794
0.48467230443974635	0.3181818181818182	0.3320089001907184
0.495	0.2926829268292683	0.38230769230769235
0.5128205128205129	0.2285714285714286	0.40683760683760684
0.48481973434535097	0.3773584905660377	0.4697044890593278
0.48976608187134507	0.17142857142857143	0.41089743589743594
0.5042694497153699	0.16216216216216214	0.47915632754342435
0.6501182033096927	0.5	0.3756021756021756
0.5700000000000001	0.34285714285714286	0.4363076923076923
0.531183932346723	0.35000000000000003	0.35450660450660454
0.532051282051282	0.3414634146341463	0.41794871794871796
0.5064102564102564	0.3255813953488372	0.40316742081447965
0.49788583509513745	0.23529411764705885	0.33752913752913755
0.5563725490196078	0.391304347826087	0.2873771259166797
0.5309959349593496	0.28571428571428575	0.387004662004662
0.5375	0.28571428571428575	0.4076923076923077
0.5443974630021142	0.26666666666666666	0.3678321678321679
0.48467230443974635	0.3181818181818182	0.3320089001907184
0.4857723577235773	0.2222222222222222	0.3632478632478633
0.5045731707317074	0.375	0.3713942307692308
0.4829545454545454	0.15000000000000002	0.5004995004995004
0.5217391304347826	0.08333333333333333	0.38193979933110367
0.47683397683397677	0.2051282051282051	0.4211788211788212
0.5125482625482625	0.2926829268292683	0.43736263736263736
0.49722222222222223	0.3255813953488372	0.3065217391304348
0.5190058479532164	0.3	0.4256410256410257
0.5450310559006212	0.358974358974359	0.3793060200668896
0.4833333333333334	0.14285714285714288	0.30192307692307696
0.5541125541125541	0.3902439024390244	0.3523809523809524
0.595020325203252	0.4782608695652174	0.4291666666666667
0.5628964059196617	0.4727272727272727	0.371243907607544
0.5203984819734345	0.2105263157894737	0.48911733427862464
0.6325536062378168	0.4878048780487805	0.5260887260887261
0.5482456140350878	0.4	0.4435897435897437
0.5025000000000001	0.13333333333333333	0.38584615384615384
0.561111111111111	0.3529411764705882	0.34395604395604396
0.515527950310559	0.24242424242424243	0.36187290969899666
0.5275000000000001	0.34146341463414637	0.39942307692307694
0.5625	0.43478260869565216	0.42124542124542125
0.5309959349593496	0.28571428571428575	0.387004662004662
0.5393374741200828	0.25806451612903225	0.37926421404682276
0.5575	0.3333333333333333	0.42321678321678324
0.5045731707317074	0.375	0.3713942307692308
0.5709459459459459	0.358974358974359	0.4821678321678322
0.5527950310559007	0.4090909090909091	0.38308647873865265
0.5776955602536997	0.3888888888888889	0.3898601398601399
0.6299171842650104	0.5217391304347826	0.44144248945761233
0.5183823529411764	0.3333333333333333	0.2691402714932127
0.5729813664596274	0.3225806451612903	0.41279264214046824
0.5183066361556065	0.2580645161290323	0.300944669365722
0.5134575569358178	0.27777777777777773	0.3605351170568562
0.4601449275362319	0.125	0.3424005945745076
0.5641025641025642	0.47058823529411764	0.43692307692307697
0.5093167701863354	0.3333333333333333	0.3582819926069354
0.4551282051282052	0.0625	0.391025641025641
0.5761904761904763	0.40816326530612246	0.5886970172684458
0.48986486486486486	0.3111111111111111	0.42601809954751135
0.5674999999999999	0.41860465116279066	0.42615384615384616
0.6602564102564104	0.5365853658536585	0.541025641025641
0.5564671814671815	0.4814814814814815	0.46291208791208793
0.5696881091617934	0.49056603773584906	0.45612535612535615
0.5796332046332047	0.41860465116279066	0.4851648351648352
0.6033138401559455	0.3888888888888889	0.5093383982272871
0.6731601731601732	0.5652173913043478	0.444981684981685
0.6193957115009746	0.47619047619047616	0.5084520417853751
0.47953216374269014	0.27906976744186046	0.4064102564102564
0.5526061776061776	0.39999999999999997	0.4624757595345831
0.49085365853658536	0.2926829268292683	0.365158371040724
0.5560253699788583	0.27586206896551724	0.3808191808191808
0.47904483430799216	0.06451612903225806	0.40925925925925927
0.6325	0.5116279069767442	0.48427350427350435
0.565	0.47058823529411764	0.42153846153846153
0.6336580086580087	0.47058823529411764	0.43443223443223444
0.6171726755218216	0.45454545454545453	0.5712158808933003
0.5411585365853658	0.39999999999999997	0.3914835164835165
0.6438923395445134	0.5238095238095238	0.46150325646893153
0.5165692007797271	0.3555555555555555	0.42399493510604624
0.5125	0.2702702702702703	0.3910256410256411
0.5064935064935064	0.30769230769230765	0.326007326007326
0.4872967479674797	0.31818181818181823	0.3636217948717949
0.5223577235772358	0.24242424242424243	0.3817663817663818
0.532520325203252	0.372093023255814	0.3865047233468286
0.43589743589743585	0.1951219512195122	0.3794871794871795
0.5116869918699187	0.3333333333333333	0.3749643874643875
0.5167748917748918	0.2857142857142857	0.33118785975928833
0.6107723577235773	0.4761904761904762	0.4468660968660969
0.45567375886524825	0.1818181818181818	0.2641025641025641
0.5136452241715399	0.2631578947368421	0.42263662263662266
0.645	0.5238095238095238	0.5000904977375566
0.4392177589852009	0.23809523809523808	0.3183566433566434
0.5190058479532164	0.3	0.4256410256410257
0.5640243902439025	0.34285714285714286	0.4132867132867133
0.5433403805496828	0.33333333333333326	0.36303696303696303
